hopper-medium-v2
|Coverage Probability: 0.90|
|Interval Width: 9.6462|
|Average Coverage: 0.8987 ± 0.0178|
|Average interval width: 10.1366 ± 0.0581|
|Coverage on different calib set sizes: [0.9, 0.895, 0.885, 0.915, 0.935, 0.88, 0.895, 0.905, 0.915, 0.91, 0.93, 0.95, 0.92, 0.925, 0.905, 0.94, 0.92, 0.935, 0.895, 0.905, 0.905, 0.905, 0.915, 0.91, 0.93, 0.915, 0.93, 0.91, 0.9, 0.93, 0.91, 0.915, 0.92, 0.92, 0.92, 0.895, 0.895, 0.905, 0.91, 0.91, 0.905, 0.91, 0.92, 0.905, 0.905, 0.885, 0.91, 0.94, 0.9, 0.88, 0.895, 0.905, 0.905, 0.91, 0.915, 0.91, 0.875, 0.905, 0.925, 0.9, 0.905, 0.91, 0.905, 0.885, 0.895, 0.905, 0.88, 0.92, 0.9, 0.915, 0.905, 0.92, 0.905, 0.92, 0.925, 0.9, 0.89, 0.935, 0.915, 0.915, 0.935, 0.91, 0.915, 0.915, 0.9, 0.935, 0.895, 0.88, 0.92, 0.905, 0.93, 0.915, 0.915, 0.925, 0.885, 0.9, 0.91, 0.895, 0.895, 0.88]|
|Interval widths on different calib set sizes: [10.143584225640891, 10.148163089235336, 10.092206238663318, 10.122240145749398, 10.228999508491139, 10.060212009317265, 10.095977950723007, 10.239034428290179, 10.115444762659276, 10.18815006078179, 10.143819421271841, 10.227280245069235, 10.159953887584631, 10.161002682171953, 10.169844064358497, 10.20742478966684, 10.189715459232074, 10.173680754648583, 10.10412149879724, 10.178953070319178, 10.124542742122653, 10.138537313843099, 10.200418145338684, 10.118445078555053, 10.091811078148535, 10.179044527283674, 10.134426165470128, 10.155893935865489, 10.140002053389619, 10.241004475482692, 10.201787076955465, 10.163682508283753, 10.152557184147152, 10.177138957811616, 10.144500924275032, 10.143064287424346, 10.130054094202446, 10.108563611333263, 10.18812296724772, 10.132411655767353, 10.17951004439217, 10.201603509817, 10.169568739945246, 10.133583134463178, 10.144813402988316, 10.12254788255069, 10.126936241218145, 10.220429202849541, 10.147403401345452, 10.04461478254876, 10.116464924074673, 10.218979930785562, 10.15255550350383, 10.191541233626763, 10.250809697976534, 10.150476776868116, 10.109070270825748, 10.17615860597993, 10.091781867944203, 10.13277989351118, 10.163138120633985, 10.146473577286796, 10.123472496640142, 10.094754558063013, 10.132246088750119, 10.125015271344662, 10.140131003903857, 10.15346676576851, 10.16159098138078, 10.122899432568426, 10.143882373319766, 10.188779772847479, 10.132647644792197, 10.19755673922577, 10.21406367867743, 10.091608488637146, 10.113103016284665, 10.12909095652867, 10.107433219648382, 10.216897475690017, 10.156447940537102, 10.162958449010258, 10.16605656897479, 10.17186697714575, 10.073266075936283, 10.156612968372055, 10.125903291820718, 10.162429649507823, 10.242239263785759, 10.137100351909195, 10.202789904059838, 10.122807240903283, 10.117069107774961, 10.24421512576961, 10.150686785777335, 10.181966606994191, 10.189317198569992, 10.111841267344543, 10.08010605090595, 10.118196890802349]|

halfcheetah-medium-v2
|Coverage Probability: 0.89|
|Interval Width: 117.7395|
|Average Coverage: 0.9010 ± 0.0178|
|Average interval width: 119.2615 ± 0.7613|
|Coverage on different calib set sizes: [0.9, 0.895, 0.91, 0.92, 0.87, 0.89, 0.915, 0.89, 0.91, 0.94, 0.895, 0.895, 0.9, 0.885, 0.92, 0.91, 0.915, 0.91, 0.905, 0.87, 0.9, 0.895, 0.87, 0.91, 0.92, 0.88, 0.915, 0.89, 0.885, 0.915, 0.89, 0.87, 0.92, 0.9, 0.915, 0.89, 0.91, 0.88, 0.92, 0.9, 0.89, 0.9, 0.865, 0.9, 0.91, 0.91, 0.87, 0.905, 0.91, 0.9, 0.89, 0.895, 0.92, 0.905, 0.895, 0.9, 0.92, 0.895, 0.94, 0.9, 0.88, 0.91, 0.92, 0.88, 0.88, 0.905, 0.915, 0.91, 0.9, 0.885, 0.885, 0.915, 0.905, 0.935, 0.855, 0.9, 0.915, 0.93, 0.88, 0.91, 0.9, 0.875, 0.915, 0.91, 0.925, 0.885, 0.9, 0.91, 0.855, 0.895, 0.895, 0.895, 0.91, 0.91, 0.92, 0.93, 0.925, 0.915, 0.905, 0.9]|
|Interval widths on different calib set sizes: [119.2711720464602, 118.95556164596258, 119.6203894049522, 120.49845771169093, 117.9538483328675, 119.62946339848448, 119.00993369187486, 118.69467076211022, 118.54894872376302, 119.89983677038494, 119.86898275938557, 119.20354902399879, 119.24426283313534, 119.43488589968837, 119.8231679004569, 119.52088588345784, 120.42043526325317, 118.08691591295127, 120.00331326447461, 118.70891164696644, 119.20354902399879, 120.19024950976444, 120.1019975572551, 118.90106184365537, 120.30059342652856, 119.90719375871544, 120.17231121291803, 118.34295972789907, 119.09656732350624, 120.36292240612471, 119.73824388310152, 119.26454923734833, 119.65450233790915, 118.94405805089802, 119.89912170174084, 119.05437666761793, 120.66302599701032, 119.43083635081888, 118.93632299047562, 119.90579832753104, 118.48821676351123, 119.24271156919707, 118.901369509711, 119.08450637140574, 120.07208161864531, 119.6144445700416, 118.35728664494127, 119.32399671803545, 119.49904545933883, 119.34382955828433, 119.5910614755805, 119.3889747135841, 119.0578792095292, 119.08911405352308, 119.17049221577254, 118.38999977739506, 120.26982070494927, 120.10143596132643, 121.19138989550459, 120.18038109500014, 118.60571969033838, 119.06873243463451, 119.97101614614633, 120.35661882266784, 117.72165335746944, 120.14377578595708, 119.14838101808014, 119.41439143081293, 118.2252917057811, 119.45930153950023, 119.81841107734162, 118.82514752986708, 119.2734310661163, 120.22678179633078, 118.0666345118828, 119.48027487027514, 120.55655283233241, 120.72990806662841, 120.80135726594868, 120.12029840973115, 120.65870729560122, 118.95618338428947, 119.30667098923375, 120.08584453374772, 120.61449126957268, 120.53346635614099, 119.25623069243267, 118.88492205395465, 119.40457215597054, 119.48632291555883, 119.3662438818608, 119.823482906434, 120.3019158349511, 120.24490640864128, 118.71664946987812, 119.50369627310229, 119.994319727888, 119.83976783012751, 119.49507707012715, 119.33133832594785]|

walker2d-medium-v2
|Coverage Probability: 0.92|
|Interval Width: 21.6463|
|Average Coverage: 0.9028 ± 0.0197|
|Average interval width: 21.9608 ± 0.1437|
|Coverage on different calib set sizes: [0.895, 0.885, 0.905, 0.86, 0.9, 0.885, 0.915, 0.89, 0.88, 0.91, 0.895, 0.92, 0.915, 0.89, 0.89, 0.86, 0.895, 0.9, 0.88, 0.88, 0.905, 0.915, 0.925, 0.89, 0.91, 0.885, 0.895, 0.89, 0.885, 0.905, 0.88, 0.87, 0.895, 0.87, 0.875, 0.875, 0.88, 0.905, 0.91, 0.92, 0.89, 0.89, 0.895, 0.9, 0.91, 0.915, 0.88, 0.925, 0.875, 0.905, 0.91, 0.915, 0.885, 0.905, 0.89, 0.87, 0.885, 0.91, 0.895, 0.925, 0.9, 0.905, 0.905, 0.92, 0.875, 0.885, 0.895, 0.905, 0.915, 0.89, 0.885, 0.88, 0.905, 0.91, 0.88, 0.875, 0.885, 0.915, 0.905, 0.91, 0.92, 0.885, 0.895, 0.915, 0.895, 0.89, 0.9, 0.87, 0.895, 0.915, 0.88, 0.915, 0.88, 0.895, 0.88, 0.905, 0.89, 0.905, 0.91, 0.91]|
|Interval widths on different calib set sizes: [21.685781853216977, 21.86090506022643, 21.741817477710583, 21.69454944739891, 21.883145615129706, 21.793858758116976, 21.858052156612867, 21.834351897346977, 21.84512266590218, 21.80744155496708, 21.634843867523642, 21.927282335494333, 21.89294739113393, 21.799150736443266, 21.90296853684492, 21.7341587615777, 21.853035481930245, 21.887778313627503, 21.769700227968315, 21.893327041282358, 21.886421620577295, 22.016398603597846, 21.981417601517588, 21.70651002617992, 21.906151432314026, 21.639513665266318, 21.716891665174444, 21.665044187169087, 21.723740055172694, 21.846755933352366, 21.859836929940908, 21.614166651347595, 21.586583591146304, 21.786965366247554, 21.75940312331795, 21.616587835374556, 21.772894721962583, 21.81127215540752, 21.86598599052314, 21.940434217657977, 21.79132490992046, 21.820208024332167, 21.938582445767533, 21.818821587652472, 21.908924832466536, 21.7819916960544, 21.799377478583637, 21.985311713083, 21.823166991687227, 21.85345739543336, 21.87496149893735, 21.832005163970788, 21.94377435587321, 21.844401756178794, 21.832694134342347, 21.72275740071981, 21.887227007336374, 21.640414091026255, 21.859603402041895, 22.039738105412024, 21.76757510732412, 21.83827621558995, 21.907607402689305, 21.869394384439342, 21.69722134646889, 21.794278433450327, 21.702441301171884, 21.8450028189541, 21.866577631852486, 21.74195044091783, 21.7700389335705, 21.723740055172694, 21.777164412216447, 21.742677407358595, 21.68797918539846, 21.78396189883847, 21.719063549947318, 21.82059092907286, 21.811160742977616, 21.767202239605094, 21.962275479645623, 21.79956813277701, 21.684984013530055, 21.759739098341466, 21.889742502889103, 21.77534211272342, 21.90513736962705, 21.712834758497387, 21.784302447861734, 21.867572829028823, 21.772177136353744, 21.810854492531462, 21.821598101620275, 21.807116351891946, 21.631320117368908, 21.754783938801776, 21.84930940011486, 21.726296988746608, 21.96433153021834, 21.91323935505502]|

hopper-medium-expert-v2
|Coverage Probability: 0.86|
|Interval Width: 6.0195|
|Average Coverage: 0.9039 ± 0.0188|
|Average interval width: 6.9701 ± 0.0731|
|Coverage on different calib set sizes: [0.915, 0.895, 0.875, 0.92, 0.935, 0.895, 0.9, 0.905, 0.91, 0.865, 0.905, 0.93, 0.9, 0.945, 0.905, 0.9, 0.915, 0.9, 0.905, 0.91, 0.915, 0.915, 0.92, 0.895, 0.905, 0.925, 0.895, 0.89, 0.89, 0.905, 0.895, 0.9, 0.905, 0.9, 0.92, 0.885, 0.9, 0.89, 0.9, 0.925, 0.925, 0.915, 0.91, 0.885, 0.89, 0.9, 0.89, 0.945, 0.87, 0.89, 0.9, 0.93, 0.925, 0.91, 0.925, 0.9, 0.915, 0.9, 0.9, 0.91, 0.935, 0.92, 0.895, 0.91, 0.895, 0.88, 0.895, 0.91, 0.92, 0.91, 0.905, 0.895, 0.895, 0.895, 0.9, 0.9, 0.91, 0.91, 0.9, 0.91, 0.95, 0.935, 0.935, 0.905, 0.865, 0.91, 0.91, 0.895, 0.93, 0.895, 0.905, 0.89, 0.92, 0.9, 0.91, 0.905, 0.92, 0.89, 0.89, 0.895]|
|Interval widths on different calib set sizes: [6.957318071684702, 6.936169867575691, 6.870456586440687, 6.873283459528571, 7.045851822851055, 6.8609860336255135, 6.86123950756373, 6.997391093060421, 6.934700341043074, 6.927431135748227, 6.9188908501557105, 7.008791120944741, 6.998244316135006, 7.006907759415233, 6.950560418538705, 6.9867502984081025, 6.934852270041764, 6.939132900744958, 6.918584255038033, 6.953449290975177, 6.977756020917429, 6.958398693210219, 6.957478166704098, 6.9508733540976575, 6.968944145751939, 6.962307969792837, 6.9323950478464464, 6.907831583433866, 6.870322499665681, 6.947365714408724, 6.8882690190636335, 7.002440994315086, 6.955238586358339, 6.850931102811776, 6.932008330090886, 6.9249782589479505, 6.932184609398653, 6.871185781532594, 6.958597636381589, 6.966499720046945, 6.985244428258275, 6.905447503427288, 6.9430498986841, 6.913411562256576, 6.934086500871549, 6.961513833901895, 6.9341579433817255, 6.951767292656191, 6.898044827438971, 6.839046209279522, 6.902325034137752, 6.993988868712867, 7.0041719952772805, 6.926980020918299, 6.9907989845772445, 6.92490986344176, 6.953186718593704, 6.960312253912425, 6.937120400273406, 6.935913322445194, 7.013358655463227, 6.972668932959428, 6.918259247735639, 6.924897669442391, 6.8934641509467465, 6.895431548005083, 6.938071485581892, 6.895625743434286, 6.973600061671098, 6.9199547033029685, 6.974076011571745, 6.956698657448973, 6.92511558073962, 6.88583541726563, 6.986595524088207, 6.923541903467841, 6.93189207415343, 7.037348391403375, 6.961044538902135, 6.969630355456124, 6.979791224741311, 6.982684137533644, 6.96090599762754, 6.962902678676917, 6.914581175011781, 6.904166565215198, 6.847854106210425, 6.866895468419576, 6.941945917984035, 6.944018330969405, 6.949398750310271, 6.950534539062935, 6.994131746350851, 6.9663740724056336, 6.936712121983836, 6.996515716612626, 6.998838214855473, 6.877112432204163, 6.875666643513048, 6.945500962038542]|

halfcheetah-medium-expert-v2
|Coverage Probability: 0.93|
|Interval Width: 33.8487|
|Average Coverage: 0.8983 ± 0.0194|
|Average interval width: 34.0367 ± 1.4463|
|Coverage on different calib set sizes: [0.94, 0.945, 0.925, 0.93, 0.945, 0.955, 0.935, 0.94, 0.94, 0.925, 0.94, 0.945, 0.92, 0.94, 0.94, 0.945, 0.93, 0.935, 0.94, 0.95, 0.94, 0.945, 0.935, 0.94, 0.94, 0.935, 0.94, 0.95, 0.95, 0.945, 0.935, 0.935, 0.93, 0.94, 0.935, 0.93, 0.935, 0.94, 0.945, 0.91, 0.94, 0.93, 0.935, 0.92, 0.94, 0.935, 0.945, 0.935, 0.925, 0.945, 0.94, 0.95, 0.94, 0.94, 0.925, 0.945, 0.935, 0.93, 0.945, 0.935, 0.945, 0.93, 0.935, 0.94, 0.935, 0.93, 0.945, 0.94, 0.935, 0.94, 0.945, 0.945, 0.945, 0.925, 0.955, 0.95, 0.94, 0.93, 0.94, 0.93, 0.95, 0.935, 0.93, 0.945, 0.93, 0.935, 0.935, 0.94, 0.95, 0.93, 0.915, 0.935, 0.93, 0.92, 0.925, 0.95, 0.935, 0.935, 0.94, 0.935]|
|Interval widths on different calib set sizes: [34.80701854925573, 36.08818976591667, 33.55834083067609, 33.67213609637158, 36.07774092480631, 35.593952495080856, 35.24939330220363, 35.5513052657051, 36.27798535105549, 35.29451033596401, 34.48242985578631, 34.825640697534624, 34.454816299149996, 34.49100194882456, 36.119051914181085, 33.365958100085294, 34.407991965359116, 35.61484602471475, 36.98617258747791, 34.74664923506211, 35.84006786929413, 36.569916204371935, 35.714041307467106, 35.318065220409125, 35.65882216667151, 33.73224524859231, 35.4461610844447, 35.89906369095016, 35.35260907255346, 35.03721556406131, 35.74594214813581, 35.198669168436226, 34.78138187277594, 35.65413901003254, 34.34526995936889, 33.492317600195264, 34.23588069177501, 34.93147712322801, 34.64597494413172, 34.471197921052095, 35.668970831526195, 34.49739398548817, 35.62426233827088, 35.16628696360627, 34.78983347253066, 35.98914064725929, 35.24771669427676, 35.31746205834136, 33.89001795296505, 35.65716030483307, 34.26499764128195, 34.82943209968428, 35.84607357457949, 34.57098271070535, 34.083185404141915, 35.216553929792354, 34.53916796553156, 34.767211960246385, 35.15237298974264, 33.9359600758323, 36.84373472738267, 34.97412163267248, 35.96076938267723, 35.40292634362319, 35.53705367364378, 34.00482091939884, 35.85467650438031, 35.00023311417797, 35.684321698221055, 35.88363072666496, 35.036861793446434, 34.240519271669285, 35.35420469243061, 35.46028425818204, 35.84868023190134, 35.446564891202996, 36.11830961716768, 34.25698470380124, 35.22029758324956, 34.5532137988757, 35.01014885493791, 34.672317386527965, 33.4094534800964, 36.551135613448565, 35.27035642939617, 34.60481284595696, 34.55334661979143, 35.41011066594237, 36.52078078841751, 34.26381687214857, 34.606532564194566, 36.74474023348458, 36.24133190993277, 34.810243602416136, 35.0139315279313, 36.030579698397986, 33.91515082511532, 35.37077437141588, 35.82085891393635, 35.48493115775787]|

walker2d-medium-expert-v2
|Coverage Probability: 0.88|
|Interval Width: 65.9317|
|Average Coverage: 0.9001 ± 0.0184|
|Average interval width: 65.6585 ± 0.5917|
|Coverage on different calib set sizes: [0.87, 0.875, 0.865, 0.87, 0.88, 0.87, 0.885, 0.89, 0.88, 0.87, 0.865, 0.895, 0.875, 0.86, 0.85, 0.87, 0.87, 0.875, 0.885, 0.86, 0.86, 0.89, 0.87, 0.875, 0.88, 0.88, 0.875, 0.875, 0.87, 0.875, 0.895, 0.89, 0.895, 0.88, 0.875, 0.88, 0.865, 0.87, 0.875, 0.9, 0.88, 0.85, 0.895, 0.88, 0.87, 0.865, 0.905, 0.885, 0.875, 0.865, 0.885, 0.88, 0.87, 0.9, 0.875, 0.885, 0.88, 0.89, 0.875, 0.89, 0.885, 0.87, 0.88, 0.9, 0.895, 0.87, 0.87, 0.89, 0.855, 0.875, 0.88, 0.885, 0.895, 0.89, 0.88, 0.875, 0.895, 0.885, 0.88, 0.87, 0.85, 0.895, 0.865, 0.88, 0.86, 0.865, 0.87, 0.87, 0.87, 0.865, 0.855, 0.87, 0.885, 0.88, 0.88, 0.865, 0.895, 0.86, 0.865, 0.875]|
|Interval widths on different calib set sizes: [65.64460787963179, 65.56549724425821, 65.69953466601649, 65.72873720116638, 65.32731552033125, 65.68575464368536, 65.9797787898262, 65.28351285110193, 65.48517286504007, 65.48970445814683, 65.5363321236556, 65.89291232087267, 65.37954899149776, 65.71923871630771, 65.31443487435186, 65.86600050820387, 65.81497123141742, 65.91026739128944, 65.94194584596829, 65.7947852885053, 65.7051878666728, 65.65920863274465, 65.96034800404283, 65.93783703941233, 65.8346983638013, 65.75815592907267, 65.93697903304061, 65.27895642429472, 65.61042191005689, 65.96512071370208, 65.55867722367393, 66.1398951494777, 65.78682881658331, 65.51934846177932, 65.67488593842825, 65.91311392117495, 65.69132045227263, 65.53607097156527, 65.87050370435011, 65.82948256728915, 65.72815530359205, 65.38400091083795, 65.62446503401688, 66.030022353363, 66.08743502016031, 65.77516270287131, 66.23242431615478, 65.8062474369166, 65.72738668441218, 65.82853055443582, 65.79422353758338, 65.62338046533995, 65.56843164653579, 65.82668404115924, 65.61308296754248, 65.7606513605949, 65.48703019580523, 65.73865466418115, 65.90452922646287, 66.00145878700928, 65.88886470529891, 65.84937662589016, 65.974422971499, 66.24466327988694, 65.99138322029506, 65.79598771755411, 65.94550128651885, 65.75068026274437, 65.40071668781309, 65.72809827091226, 65.7560663055574, 65.91131758485366, 65.87205866212452, 66.02515204988438, 65.76773488676884, 65.5353896027495, 66.24586644589661, 65.88364059236545, 65.31420316602242, 65.67305857930565, 65.36596161289008, 66.29610191894167, 65.67489429041123, 65.7985028221307, 65.64570572264051, 65.71677044777277, 65.7267082591682, 65.69343792589376, 65.76139753014007, 65.80428995511454, 65.44310177034181, 65.8836167408308, 65.90532705166152, 65.85572104416394, 65.8313459878982, 65.14080194372093, 66.01798396313242, 65.72738668441218, 65.47369905349223, 65.21186938775429]|

hopper-medium-replay-v2
|Coverage Probability: 0.90|
|Interval Width: 3.3962|
|Average Coverage: 0.8987 ± 0.0182|
|Average interval width: 4.0640 ± 0.0872|
|Coverage on different calib set sizes: [0.905, 0.935, 0.905, 0.895, 0.89, 0.89, 0.925, 0.905, 0.91, 0.885, 0.91, 0.905, 0.93, 0.925, 0.91, 0.91, 0.915, 0.92, 0.92, 0.91, 0.9, 0.91, 0.925, 0.925, 0.915, 0.92, 0.92, 0.925, 0.915, 0.93, 0.905, 0.885, 0.905, 0.89, 0.91, 0.92, 0.89, 0.895, 0.905, 0.89, 0.895, 0.9, 0.925, 0.92, 0.9, 0.89, 0.94, 0.92, 0.87, 0.93, 0.895, 0.925, 0.895, 0.905, 0.9, 0.91, 0.91, 0.9, 0.925, 0.92, 0.905, 0.915, 0.925, 0.865, 0.89, 0.88, 0.895, 0.93, 0.91, 0.89, 0.925, 0.895, 0.91, 0.91, 0.91, 0.925, 0.895, 0.91, 0.895, 0.935, 0.915, 0.915, 0.895, 0.915, 0.915, 0.92, 0.895, 0.925, 0.895, 0.925, 0.91, 0.89, 0.905, 0.935, 0.885, 0.925, 0.91, 0.92, 0.895, 0.925]|
|Interval widths on different calib set sizes: [4.091881000661348, 4.022592487995413, 4.058647372791429, 4.042673715196858, 4.029636466151149, 4.138220232894613, 4.273227924854754, 4.113313447799103, 4.052316777560381, 4.149454059366067, 4.136027779222419, 4.068115038905549, 4.17614914416541, 4.117466395741334, 4.0694441298843484, 4.115447359785523, 4.100651237134033, 4.233157821084663, 4.115981537640354, 4.232684902668811, 4.076744515043262, 4.1245950129650195, 4.214655127330874, 4.067977761090989, 4.063370072135146, 4.040741147749972, 4.1413070688559825, 4.160498761698366, 4.048659682127581, 4.099156657392402, 4.171876354034086, 4.023147178181747, 4.102833383119278, 3.9945875410788028, 4.159290907637145, 4.130273867967534, 4.117529244551039, 4.032202680824699, 4.102472497725617, 4.120688161314123, 4.083917328157216, 4.103876554001519, 4.076306996831138, 4.026025113445942, 4.142628288653273, 4.16227809789203, 4.165782387236535, 4.063653386648612, 4.123525224373256, 4.110600160039357, 4.0223022362055785, 4.241329767060821, 4.079002373667694, 4.058451812501064, 4.088971748286016, 4.121396445409945, 4.214917260524149, 4.135374526620583, 4.074891412916545, 4.100118814056233, 4.117528413264583, 4.090883957436975, 4.168727265703441, 4.015117268166395, 4.107074191633276, 3.9646943495037044, 4.092615739261734, 4.148363476886149, 4.157491716292927, 4.064175075682246, 4.1983289102013, 4.072808796378214, 4.134102125438605, 4.045774190414592, 4.070863146461991, 4.126806589409684, 4.128441578582769, 4.210108027220147, 4.141069461928256, 4.161474316224914, 4.0509095317268615, 4.2186348004140966, 4.098587703151511, 4.073638266672535, 4.126049340830181, 4.093026420904496, 3.971625172437657, 4.179549798552531, 4.112260165186856, 4.080720359917652, 4.126101307673966, 4.1443960591130375, 4.02689954589363, 4.182946274670402, 4.105726196937925, 4.179048903076281, 4.113852283414562, 4.139400791096253, 4.131608424093204, 4.122291173985022]|

halfcheetah-medium-replay-v2
|Coverage Probability: 0.89|
|Interval Width: 174.5539|
|Average Coverage: 0.9059 ± 0.0200|
|Average interval width: 174.5443 ± 1.2550|
|Coverage on different calib set sizes: [0.89, 0.91, 0.915, 0.91, 0.91, 0.905, 0.87, 0.92, 0.925, 0.9, 0.905, 0.88, 0.91, 0.89, 0.9, 0.89, 0.87, 0.915, 0.885, 0.88, 0.87, 0.885, 0.945, 0.91, 0.89, 0.89, 0.92, 0.88, 0.86, 0.895, 0.91, 0.905, 0.895, 0.885, 0.885, 0.9, 0.905, 0.89, 0.91, 0.895, 0.885, 0.915, 0.905, 0.89, 0.915, 0.905, 0.91, 0.9, 0.915, 0.905, 0.9, 0.885, 0.895, 0.9, 0.895, 0.89, 0.915, 0.9, 0.89, 0.9, 0.89, 0.89, 0.9, 0.895, 0.925, 0.905, 0.91, 0.87, 0.915, 0.88, 0.89, 0.895, 0.92, 0.895, 0.9, 0.9, 0.91, 0.895, 0.89, 0.885, 0.925, 0.9, 0.875, 0.905, 0.905, 0.865, 0.9, 0.895, 0.905, 0.915, 0.91, 0.9, 0.92, 0.89, 0.895, 0.91, 0.885, 0.915, 0.89, 0.905]|
|Interval widths on different calib set sizes: [175.52714454675385, 174.90067561525484, 175.23737926572448, 174.82370477429183, 175.05500189568502, 174.11024709656232, 173.73719958905713, 176.45503658081074, 174.51387582906708, 174.34025709735343, 174.70936421351965, 173.89707297765514, 173.56339169299076, 174.1241598778971, 174.50671839658165, 173.92350841802755, 173.8855882897585, 175.0010323894816, 173.2619993322933, 173.74193548925155, 173.60024875830723, 173.9017932993321, 175.64664450201576, 174.28676290839815, 173.8207854575959, 175.121112344028, 175.47962394458764, 174.41999712000398, 173.66082543986454, 173.46637140546997, 175.64722752885982, 173.11616116203433, 174.98293329482817, 174.09273366783185, 174.12217513307755, 174.52062548442197, 173.940587285549, 174.2910073656055, 174.45476606533964, 174.11324767165, 175.39307609903437, 174.9090236068381, 173.9371218584725, 174.50212713313564, 174.84830689308095, 174.71560557480367, 174.96087505640978, 175.59765496272965, 175.15706602019608, 174.96829528319577, 174.80898746920593, 174.2483492261448, 174.72023323590903, 174.1527299561304, 173.6613023946432, 173.86307536143394, 174.44758884571525, 173.77209553177295, 174.8787825553168, 175.14711947084209, 175.2560654056111, 174.0824987021224, 173.99081710825914, 173.84534205068746, 175.1700946308905, 175.47784329137815, 173.72100741698677, 174.49772261742675, 175.31329789009723, 173.82073106986002, 174.5745103107045, 174.56814135150998, 175.28310724177666, 174.16471609146043, 174.00514005464458, 174.36770290130823, 174.95211405763098, 175.30982226299923, 174.69246728317034, 173.91114411340314, 175.37135402563712, 175.10171640663143, 173.2152070763184, 174.0793435406721, 174.53992006838052, 173.60657431969673, 174.10874530826823, 174.56527324587026, 174.89087009027944, 174.4906393499905, 174.46015758111548, 174.63607042242037, 175.71651612251026, 173.65357979119085, 174.58870311941882, 174.79338449751694, 174.08579630890404, 174.5349037980473, 174.14745195119215, 174.121522504146]|

walker2d-medium-replay-v2
|Coverage Probability: 0.92|
|Interval Width: 53.7785|
|Average Coverage: 0.9020 ± 0.0173|
|Average interval width: 54.0333 ± 0.1267|
|Coverage on different calib set sizes: [0.895, 0.915, 0.92, 0.92, 0.93, 0.895, 0.92, 0.945, 0.93, 0.94, 0.945, 0.935, 0.92, 0.95, 0.92, 0.93, 0.91, 0.945, 0.92, 0.92, 0.91, 0.93, 0.92, 0.94, 0.905, 0.92, 0.93, 0.91, 0.915, 0.925, 0.94, 0.915, 0.905, 0.89, 0.935, 0.935, 0.96, 0.92, 0.915, 0.93, 0.94, 0.945, 0.93, 0.93, 0.94, 0.95, 0.94, 0.935, 0.94, 0.93, 0.94, 0.93, 0.935, 0.93, 0.91, 0.935, 0.92, 0.95, 0.94, 0.925, 0.94, 0.93, 0.93, 0.92, 0.905, 0.935, 0.91, 0.96, 0.915, 0.895, 0.895, 0.93, 0.915, 0.93, 0.92, 0.93, 0.92, 0.94, 0.915, 0.93, 0.93, 0.93, 0.915, 0.93, 0.96, 0.925, 0.93, 0.93, 0.905, 0.945, 0.935, 0.925, 0.915, 0.92, 0.93, 0.91, 0.93, 0.92, 0.895, 0.94]|
|Interval widths on different calib set sizes: [53.832079076945355, 53.86113250687997, 53.83732409518227, 53.8779363666478, 53.96234699592467, 53.79894322422736, 54.01955150356311, 53.998772738441865, 53.729930337443, 53.8909160071996, 53.87903527461001, 53.91879951503181, 53.91665623013362, 54.19011175477048, 53.976438205380774, 53.961262263540654, 53.69718502664632, 53.89001959840133, 53.7378827102821, 54.04783915902454, 53.73056327580396, 53.91680231671038, 54.07606319243633, 54.128302804802225, 54.00312598085556, 53.799119580226495, 54.01072186061197, 53.92007903279064, 53.952252504999805, 54.00765956173651, 53.94349253239864, 53.80007507800364, 53.61420117043765, 53.851942338125056, 53.97109144257813, 53.96300269550917, 54.07073985038098, 53.952119043242625, 53.957964811512326, 53.968923470065974, 53.90791569622722, 53.98250792236289, 53.945950894293404, 53.63159415350331, 53.79661484494609, 54.103391068446584, 53.92183158034625, 53.93508607325004, 53.8451647057477, 53.747870612667136, 53.86424697073433, 53.94517834335333, 54.10563089935984, 54.06626887362247, 53.88092195509098, 53.874734659741286, 53.722837221624374, 54.0849993560431, 53.88413983204289, 53.90799740846374, 53.89602000855326, 53.86180025751384, 53.70365393897369, 53.834413227181514, 53.78730266924686, 54.06504599230697, 53.814844822176, 54.06243398971587, 53.92415088082693, 54.014484913928115, 53.8675219888229, 53.86555621312264, 53.78461971059597, 54.00859518959238, 54.00491971505285, 53.954286817103885, 53.86054838394047, 54.007058048623186, 53.882970830541254, 53.95360182673242, 53.99526386612986, 53.781768740155385, 53.72195551380419, 54.1663069765771, 53.84434231348855, 53.949325630780365, 54.05659101845727, 53.95455524770996, 53.76955413552055, 53.99644478040129, 53.99028717340089, 53.91537322613019, 53.783507913962985, 53.94377784872524, 53.78218154441247, 53.715490185250566, 54.02937217515862, 53.733211145927456, 53.72397585042332, 54.128512202504155]|
